C_s = 500
C_d = 100

m = 2; best genome = [13, 15, 17, 9, 8, 13, 15, 14, 12, 2, 6, 4, 5, 3, 14, 5, 12]    #1496.6997279200023

m = 1; Best fitness = 944.447 | Best genome: [17, 9, 15, 14, 10, 17, 9, 11, 16, 6, 5, 4, 8, 3, 11, 8, 16]
	Best fitness = 1085.145 | Best genome: [17, 16, 15, 14, 12, 17, 10, 4, 8, 7, 6, 5, 13, 3, 4, 13, 2]



C_s = 1000
C_d = 100

m = 1; Best fitness = 3444.447 | Best genome: [11, 1, 16, 15, 8, 11, 1, 6, 7, 14, 5, 3, 17, 2, 6, 17, 7]

m = 2; Best fitness = 3996.6997279200023 | Best genome: [14, 5, 13, 12, 10, 14, 5, 16, 11, 6, 4, 3, 17, 2, 16, 17, 11]
       


C_s = 5000
C_d = 50

m = 1; Best fitness = 26638.497000000003 | Best genome: [17, 10, 13, 9, 12, 17, 10, 13, 4, 12, 17, 5, 3, 2, 13, 3, 4]

m = 2; Best fitness = 27061.692626399505 | Best genome: [3, 15, 6, 14, 9, 3, 15, 6, 11, 9, 3, 12, 8, 7, 6, 8, 11]

m = 3; Best fitness = 27061.692626399505 | Best genome: [8, 16, 1, 7, 6, 8, 16, 1, 14, 6, 8, 4, 9, 3, 1, 9, 14]